# Created by Octave 3.8.1, Mon Mar 21 12:16:05 2016 PDT <student@ubuntu>
# name: DATA
# type: matrix
# rows: 300
# columns: 2
 -4.036647416507023 3.436360621016314
 -4.537434055677178 3.007191322231648
 -2.567937458479966 2.926025509259453
 -3.145309827204634 2.759317966898712
 -5.416177679689062 2.440871687959622
 -5.971458984691713 2.316152783473494
 -5.279963595493529 1.903352944476087
 -3.263797259649064 1.878235717346744
 -5.106200170853001 1.713548747031067
 -4.885891641181896 1.536066275161393
 2.464027219957768 -3.92255382137345
 3.504293505470967 -3.277651194935737
 4.169061665877781 -3.127262011900998
 6.210706544416585 -2.602475221400889
 5.142773317253731 -2.218291638747722
 4.451763351185111 -2.169692558402034
 3.0922357424748 -2.131507592485329
 5.02156719744367 -2.072581024341762
 5.019000626097391 -2.048913690872437
 3.771797112682363 -1.920297753423284
 -5.647236895198417 1.521178867417708
 -6.922459666770674 1.453944199663868
 -4.878106155237409 1.426863905593584
 -5.59105176673485 1.367220242168904
 -5.185273479173654 1.324691063162044
 -4.374040734090089 1.294338113838007
 -4.037115478173373 1.258794850823742
 -4.584907387539332 1.116836486753365
 -4.742817681729139 1.105205881028408
 -5.93724407288585 1.08573364637377
 -5.056061128413491 1.085091074972303
 -7.471379672080174 1.027268798949868
 -5.862556548383476 0.9776201097664754
 -5.806913783651177 0.9207970226187558
 -4.504084601796971 0.9048524914857927
 -6.410058013241842 0.8724348976426435
 -6.029697007220334 0.809986735690636
 -5.837154462325916 0.7819388020818582
 -5.928090469421234 0.6595702514059086
 -6.426115093198984 0.5380935876277628
 -5.929827296993392 0.4416395743120141
 -8.301241483407505 0.4416311052301367
 -7.779366593710328 0.4174915297625339
 -6.454470339638693 0.3469775028064097
 -4.178340981282363 0.3294433386627412
 -5.827378769978584 0.2999385270876735
 -5.962301662538819 0.298148048248097
 -6.097654851403536 0.293512638589327
 -6.44080129802286 0.2917490743484221
 -4.520706481559579 0.2838748843929768
 -4.816352322483164 0.2791307408013531
 -6.402891215151908 0.2135827866699453
 -5.317842090661661 0.2094524107906909
 -4.449131609926459 0.200014168330778
 -5.32902967498005 0.1670197013360498
 -7.910971255991528 0.08959112792813617
 -6.182289182795052 0.08449809042013093
 -3.640831578774491 0.04091071134579938
 -5.020395503992518 0.01433457767792712
 -4.293861026405871 0.01099376996393708
 -5.263167810174394 -0.004372550249095553
 -5.859994401438772 -0.02536030534348666
 -3.995538292152419 -0.04845611806885697
 -4.161994626709664 -0.08198952949135296
 -5.336265567199472 -0.1577437928606007
 -5.980317000882952 -0.1592867971843698
 -6.275382246386727 -0.1793397512165106
 -5.998339436921321 -0.2012424907381462
 -4.685121848215307 -0.284097992467388
 -8.087416294068136 -0.3448392561280313
 -3.682049913289491 -0.3489746934022526
 -6.973262870324384 -0.3552360190987474
 -7.04660586580625 -0.3659347064772827
 -6.791293995621134 -0.4521991643236578
 -6.0461280000751 -0.4719210484207945
 -9.232433260165365 -0.479315858250988
 -7.539964155859936 -0.488371188563487
 -8.216588462122104 -0.4985589938225523
 -7.61155804902549 -0.5041652661096421
 -9.01507659041935 -0.5720653516468929
 -6.180805551606119 -0.5930740835192102
 -7.054493198428487 -0.635169840806351
 -7.727246013514383 -0.7224002901811566
 -9.482530073426561 -0.7877974590658634
 -4.76473419057439 -0.8312566695407035
 -6.518352998833787 -0.837329654406839
 -6.990241487614346 -0.8406495232002966
 -4.946699971319217 -0.8751798177879384
 -6.689332965097996 -0.976968650640362
 -5.958234129748526 -1.112516854310192
 -4.423236677469472 -1.188232875397652
 -7.378636525049647 -1.241583863840303
 -6.08765647003695 -1.276852008993639
 -6.405325448030232 -1.285633516944672
 -5.839375462925152 -1.323270541265147
 -7.307569513335228 -1.344561611628868
 -5.034643377197471 -1.419766402712763
 -7.577408198116686 -1.445203706825744
 -5.844095505361511 -1.524267377464521
 -6.204831591500573 -1.534081102167335
 -6.882519778898081 -1.554556448417941
 -6.540993820401422 -1.570208293086319
 -6.698930211742244 -1.572224245424826
 -8.48927662250038 -1.976634703951844
 -7.35111416182179 -1.998614951943684
 -8.106368115879741 -2.027744091646184
 -6.071858670596379 -2.157547162376046
 -8.11591163937179 -2.498110786407002
 -7.868943017247521 -2.748527869535858
 -7.057716012369711 -3.033135864016725
 4.744868472124743 -1.905935187257135
 5.167449721034334 -1.681417746417396
 7.254555869316998 -1.559946018521066
 5.589418287299336 -1.304972714273877
 6.198862792200466 -1.279391380623761
 4.961776446098568 -1.259937463484333
 6.125218336566009 -1.24271537851995
 6.308290252234872 -1.098281984220118
 6.809564580814145 -1.046774060883719
 5.651704497381385 -1.030198410057358
 6.587671750247804 -0.8686984172769339
 6.676933289270528 -0.8064367974104538
 5.300046110722988 -0.5615334042673135
 5.308064154883839 -0.508681371900141
 6.501855679850156 -0.5001195456153145
 6.363198989026218 -0.4630810904247267
 5.931410854493909 -0.4546654649449262
 3.84660728757175 -0.377787018257964
 6.217858413496975 -0.3517403994268661
 5.988170519259825 -0.3424368128162462
 5.289883707122333 -0.3207846338566216
 5.29360199795103 -0.2780096917453581
 7.07436708782219 -0.2627872206481813
 5.857665749661678 -0.2560122086758483
 5.534035142630453 -0.25472186989796
 5.509169533646746 -0.2422156190271342
 5.403703548872654 -0.2398879708904767
 6.492243143686289 -0.2116272777950075
 6.710116866317451 -0.1880404076202532
 7.305031238596605 -0.1781926415132506
 4.880665970600036 -0.1676396754115019
 3.711832800712211 -0.1550615089903359
 5.054752354225381 -0.1436501640734878
 6.552065181656525 -0.1326830055943271
 7.04981484883308 -0.1297340000700309
 8.102384497762452 -0.07599313897075821
 6.277479151541003 -0.06899715110379676
 6.238727902043888 -0.05679664554185716
 3.731867993059048 -0.03652960648878767
 3.792417514700393 0.03209823471401374
 6.031330192682426 0.05061234227306081
 6.371651673119902 0.05512173912816776
 5.518641742068393 0.09966039725537906
 5.950466599565928 0.1018961611800333
 4.213022279563758 0.1022559801055682
 7.896832718914768 0.2327533210527467
 4.764101862378236 0.2343671136490912
 5.609535137987315 0.2393743084873909
 4.703786698886201 0.3080827883800299
 6.047927186566406 0.3089088004090934
 5.067636930952681 0.3116614818502892
 4.111059382029657 0.3766759795260918
 7.16076908690435 0.41522170515561
 6.630661752947953 0.4378998826354148
 5.261489869990295 0.4509304749864944
 4.443846785057421 0.4727019213859297
 6.733279690953483 0.5349846328312284
 6.819168258450262 0.5765977205589752
 6.636167110056461 0.5915153971904867
 7.560427314645525 0.6193765208075028
 8.65485273618097 0.673470148350115
 6.395921808038407 0.6851251059264621
 6.550651550847788 0.6983110671981192
 4.766051243172525 0.7061068695085297
 5.756768413513219 0.7160326582209685
 7.397793452687561 0.7571059118619441
 4.920243439598766 0.768753552031977
 6.250459168178518 0.9613534414673461
 5.155945256702233 0.9724805989224715
 6.286238021918698 1.096008548696378
 4.959821649505923 1.270126452904426
 5.761658311032214 1.345865348495292
 8.020803334400286 1.377280468067895
 7.35580205155882 1.412171827135781
 7.331329105012829 1.59695940660048
 6.085126783052583 1.603985405032028
 7.375132309600957 1.669792419833941
 7.827685132958532 1.70374427512845
 8.19997817211314 1.87528326501142
 7.308608835739503 1.905897117284119
 8.351968583654154 1.920940938804836
 9.017794407973705 2.025188668791493
 4.71949014360602 2.426534678105312
 10.13245163060433 2.438428509113193
 6.412261807852476 2.443482659886758
 7.788782614998733 2.589960277531218
 8.505008689991193 2.725017588291613
 8.529948753003117 2.771399024127537
 7.228098169623347 3.119315207342202
 8.377237039699075 3.70944637336845
 -0.9097776292300398 0.9906990199658128
 1.029675698469139 -0.07812161500593484
 -0.1676877990801714 0.6286531352081877
 -0.2342223134013866 2.439088150333061
